NAIVE String Matching Algorithm
 
indexes of birthday:970702
 
2139538
3071097
3508838
5199585
6154827
7229270
9053688
9067421
9332467
10126227
10534959
11957110
12841306
13894461
14655292
16704147
17017593
17067726
17847942
19028577
19741260
19934219
20446446
20588796
24727997
25198109
27724035
28208554
29081099
29415083
29790922
30412935
31857853
32255901
33125096
33401853
36866789
37338968
37892114
38174529
38701795
39953452
40330733
42451760
43309526
44589649
44687746
45563199
46245780
46246388
48596688
49286151
49423970
49452125
49457533
50424534
52872660
53323793
53822357
54324197
54578808
54849715
55497040
57372522
57687886
58099757
58637332
59348004
62827041
63135617
63276598
63602320
64204277
64964553
65114389
65213259
65241570
65527420
65845133
65882955
67351636
68113234
69021975
69567458
70342637
70704656
73559282
74588739
75404272
78151144
78492518
79354340
80370963
80523434
84337131
87799469
88680599
88792298
90815310
91053173
91560027
93035856
93292981
93743509
95189376
95381896
95651322
96175637
97706702
97877282
97889017
98361588
99914952

 total macthing indexes:113
 
KMP String Matching Algorithm
 
indexes of birthday:970702
 
2139538
3071097
3508838
5199585
6154827
7229270
9053688
9067421
9332467
10126227
10534959
11957110
12841306
13894461
14655292
16704147
17017593
17067726
17847942
19028577
19741260
19934219
20446446
20588796
24727997
25198109
27724035
28208554
29081099
29415083
29790922
30412935
31857853
32255901
33125096
33401853
36866789
37338968
37892114
38174529
38701795
39953452
40330733
42451760
43309526
44589649
44687746
45563199
46245780
46246388
48596688
49286151
49423970
49452125
49457533
50424534
52872660
53323793
53822357
54324197
54578808
54849715
55497040
57372522
57687886
58099757
58637332
59348004
62827041
63135617
63276598
63602320
64204277
64964553
65114389
65213259
65241570
65527420
65845133
65882955
67351636
68113234
69021975
69567458
70342637
70704656
73559282
74588739
75404272
78151144
78492518
79354340
80370963
80523434
84337131
87799469
88680599
88792298
90815310
91053173
91560027
93035856
93292981
93743509
95189376
95381896
95651322
96175637
97706702
97877282
97889017
98361588
99914952

 total macthing indexes:113
 
RABIN-KARP String Matching Algorithm
 
indexes of birthday:970702
 
2139538
3071097
3508838
5199585
6154827
7229270
9053688
9067421
9332467
10126227
10534959
11957110
12841306
13894461
14655292
16704147
17017593
17067726
17847942
19028577
19741260
19934219
20446446
20588796
24727997
25198109
27724035
28208554
29081099
29415083
29790922
30412935
31857853
32255901
33125096
33401853
36866789
37338968
37892114
38174529
38701795
39953452
40330733
42451760
43309526
44589649
44687746
45563199
46245780
46246388
48596688
49286151
49423970
49452125
49457533
50424534
52872660
53323793
53822357
54324197
54578808
54849715
55497040
57372522
57687886
58099757
58637332
59348004
62827041
63135617
63276598
63602320
64204277
64964553
65114389
65213259
65241570
65527420
65845133
65882955
67351636
68113234
69021975
69567458
70342637
70704656
73559282
74588739
75404272
78151144
78492518
79354340
80370963
80523434
84337131
87799469
88680599
88792298
90815310
91053173
91560027
93035856
93292981
93743509
95189376
95381896
95651322
96175637
97706702
97877282
97889017
98361588
99914952

 total macthing indexes:113
 
BOYER-MOORE String Matching Algorithm
 
indexes of birthday:970702
 
2139538
3071097
3508838
5199585
6154827
7229270
9053688
9067421
9332467
10126227
10534959
11957110
12841306
13894461
14655292
16704147
17017593
17067726
17847942
19028577
19741260
19934219
20446446
20588796
24727997
25198109
27724035
28208554
29081099
29415083
29790922
30412935
31857853
32255901
33125096
33401853
36866789
37338968
37892114
38174529
38701795
39953452
40330733
42451760
43309526
44589649
44687746
45563199
46245780
46246388
48596688
49286151
49423970
49452125
49457533
50424534
52872660
53323793
53822357
54324197
54578808
54849715
55497040
57372522
57687886
58099757
58637332
59348004
62827041
63135617
63276598
63602320
64204277
64964553
65114389
65213259
65241570
65527420
65845133
65882955
67351636
68113234
69021975
69567458
70342637
70704656
73559282
74588739
75404272
78151144
78492518
79354340
80370963
80523434
84337131
87799469
88680599
88792298
90815310
91053173
91560027
93035856
93292981
93743509
95189376
95381896
95651322
96175637
97706702
97877282
97889017
98361588
99914952

 total macthing indexes:113
 
